55981 1793.368 -0.000290688 259.792 0.000189750 0.016925 10
55981 3841.368 -0.000321326 259.790 0.000177825 0.015856 10
55981 5890.368 -0.000191536 259.765 0.000172554 0.017234 10
55981 6914.368 -0.000308916 259.764 0.000166659 0.016127 10
55981 8960.368 -0.000240752 259.762 0.000157747 0.015099 10
55981 12030.368 -0.000057520 259.757 0.000161153 0.014250 10
55981 13056.369 -0.000026043 259.757 0.000151155 0.013329 10
55981 15106.369 -0.000058066 259.749 0.000141845 0.012749 10
55981 16132.369 -0.000048101 259.749 0.000132731 0.011926 10
55981 18182.368 0.000089960 259.761 0.000133409 0.011893 10
55981 20229.369 -0.000070309 259.760 0.000137055 0.011126 10
55981 21254.368 0.000014421 259.760 0.000131657 0.010408 10
55981 22279.368 0.000211678 259.761 0.000141530 0.009740 10
55981 23304.368 0.000180732 259.762 0.000132840 0.009114 10
55981 25354.369 0.000221833 259.790 0.000125107 0.013266 10
55981 26379.369 0.000159192 259.791 0.000119104 0.012411 10
55981 27404.368 0.000142589 259.792 0.000111566 0.011611 10
55981 29454.368 -0.000078214 259.781 0.000130329 0.011438 10
55981 31505.368 0.000509675 259.847 0.000240965 0.025679 10
55981 33557.368 0.000109382 259.862 0.000266149 0.024536 10
55981 34582.369 -0.000169877 259.861 0.000267823 0.022953 10
55981 35607.368 -0.000595732 259.859 0.000292288 0.021485 10
55981 37659.369 -0.000754031 259.761 0.000279080 0.039945 10
55981 38682.369 -0.000849950 259.758 0.000263249 0.037383 10
55981 39707.368 -0.000733253 259.755 0.000249679 0.034983 10
55981 41755.368 -0.000534198 259.751 0.000243926 0.032755 10
55981 43806.369 -0.000337979 259.707 0.000238485 0.034327 10
55981 44831.369 -0.000260570 259.706 0.000224755 0.032112 10
55981 46881.369 -0.000019330 259.704 0.000226881 0.030051 10
55981 47907.368 0.000037116 259.704 0.000213164 0.028110 10
55981 49954.368 0.000046863 259.704 0.000199427 0.026295 10
55981 52005.369 -0.000050803 259.698 0.000189716 0.024707 10
55981 53029.368 -0.000088913 259.697 0.000177974 0.023111 10
55981 54053.368 0.000048390 259.697 0.000173412 0.021619 10
55981 55077.368 0.000067322 259.698 0.000162350 0.020223 10
55981 57124.369 0.000288677 259.700 0.000170844 0.018933 10
55981 58150.369 0.000449021 259.702 0.000169567 0.017720 10
55981 59175.368 0.000431938 259.703 0.000158731 0.016586 10
55981 61222.368 0.000396423 259.706 0.000149009 0.015552 10
55981 63273.369 0.000452022 259.765 0.000140764 0.025300 10
55981 64296.368 0.000186426 259.766 0.000161726 0.023668 10
55981 66344.369 0.000047838 259.766 0.000159018 0.022139 10
55981 67367.369 -0.000017871 259.766 0.000150551 0.020710 10
55981 68391.369 -0.000183045 259.765 0.000152456 0.019374 10
55981 69414.369 -0.000085064 259.765 0.000146757 0.018123 10
55981 71460.369 -0.000372634 259.762 0.000170828 0.016982 10
55981 72486.369 -0.000321510 259.761 0.000160814 0.015891 10
55981 74535.369 -0.000365821 259.713 0.000151242 0.022407 10
