55981 1817.639 0.001212935 -79.411 0.004116135 0.344690 10
55981 2840.639 0.000818298 -79.408 0.003852819 0.322430 10
55981 4887.639 -0.004036869 -79.439 0.003991900 0.301801 10
55981 5911.639 -0.004564544 -79.456 0.003738738 0.282376 10
55981 7961.639 -0.006090517 -80.246 0.003538639 0.384234 10
55981 8986.639 -0.002867823 -80.257 0.003500706 0.359439 10
55981 11034.639 -0.002159344 -80.273 0.003284177 0.336275 10
55981 12058.639 0.000296676 -80.272 0.003192428 0.314557 10
55981 14105.638 0.003074646 -80.249 0.003143610 0.294358 10
55981 16153.639 0.000283657 -80.246 0.003101726 0.275347 10
55981 17177.639 0.002084738 -80.238 0.002970455 0.257579 10
55981 18202.639 -0.000159589 -80.239 0.002889685 0.240943 10
55981 19225.639 0.001154805 -80.235 0.002742708 0.225387 10
55981 21274.639 0.000829779 -80.127 0.002568141 0.214234 10
55981 23324.639 0.001280672 -79.961 0.002407559 0.208810 10
55981 25374.639 0.001648441 -79.747 0.002255816 0.209418 10
55981 26398.639 0.006485652 -79.723 0.002716145 0.196087 10
55981 27422.639 0.004746820 -79.705 0.002614040 0.183535 10
55981 29469.639 0.004199116 -79.673 0.002452866 0.172054 10
55981 30494.639 -0.006889192 -79.699 0.004542391 0.161210 10
55981 31520.639 -0.004335536 -79.715 0.004343880 0.150912 10
55981 32544.639 -0.001883522 -79.723 0.004154778 0.141188 10
55981 34593.639 0.004512965 -79.138 0.004496531 0.245419 10
55981 36643.639 -0.004777000 -79.757 0.005336607 0.317178 10
55981 37666.639 -0.003159182 -79.769 0.005024602 0.296724 10
55981 38689.639 -0.001248738 -79.773 0.004748370 0.277565 10
55981 40739.639 -0.000785747 -79.875 0.004444709 0.262122 10
55981 41762.639 -0.000126211 -79.876 0.004164178 0.245192 10
55981 42788.639 -0.002129506 -79.884 0.003959101 0.229375 10
55981 44838.639 0.000511604 -79.818 0.003819307 0.215837 10
55981 46887.639 0.005626168 -79.088 0.004004193 0.327514 10
55981 48936.639 -0.002407056 -79.400 0.004700634 0.325624 10
55981 50982.639 -0.003017450 -79.423 0.004402333 0.304702 10
55981 52006.639 -0.001845412 -79.430 0.004138801 0.285033 10
55981 54056.639 -0.002937697 -79.811 0.003890707 0.298671 10
55981 55080.639 -0.003402735 -79.824 0.003643135 0.279419 10
55981 56103.639 -0.001575050 -79.830 0.003468564 0.261381 10
55981 58153.639 -0.001556680 -80.032 0.003244551 0.254690 10
55981 60199.639 0.001610524 -80.019 0.003234984 0.238281 10
55981 61223.639 0.003946401 -80.004 0.003136721 0.222955 10
55981 63273.639 0.003206595 -79.589 0.002945769 0.255107 10
55981 64296.639 0.002821747 -79.578 0.002758872 0.238661 10
55981 65321.639 0.000273570 -79.577 0.002733424 0.223247 10
55981 66347.639 -0.000346540 -79.578 0.002566266 0.208829 10
55981 67373.639 -0.002262525 -79.587 0.002494270 0.195366 10
55981 69420.638 -0.005163509 -79.626 0.002548661 0.183278 10
55981 71469.639 -0.002287447 -79.923 0.002591849 0.200960 10
55981 72495.639 -0.003149966 -79.935 0.002443555 0.188029 10
55981 74544.644 -0.002512945 -80.261 0.002296805 0.210245 10
55981 75569.639 -0.001437873 -80.266 0.002181828 0.196676 10
